id	educ	disability	AgeVariable	Gender	ScanPminute	Store	Weeks	AgeCAT	age1	age2	age3	age4	age5	age6	age7	age8	age9	age10	Training	ScanPminuteTime2
1	15	0	38	1	18	1	49	5	0	0	0	0	1	0	0	0	0	0	0	18.5
2	16	0	31	1	19.5	1	12	4	0	0	0	1	0	0	0	0	0	0	0	20
3	12	0	60	2	19.5	1	27	10	0	0	0	0	0	0	0	0	0	1	0	20
4	8	0	42	2	22	2	67	6	0	0	0	0	0	1	0	0	0	0	0	22.5
5	15	0	35	1	22	1	14	5	0	0	0	0	1	0	0	0	0	0	0	
6	15	0	31	1	17	1	49	4	0	0	0	1	0	0	0	0	0	0	0	17.5
7	15	0	33	1	25	1	1	4	0	0	0	1	0	0	0	0	0	0	0	25.5
8	12	0	23	2	22	2	97	2	0	1	0	0	0	0	0	0	0	0	0	22.5
9	15	0	44	2	22	2	65	6	0	0	0	0	0	1	0	0	0	0	0	22.5
10	12	0	43	2	27	1	101	6	0	0	0	0	0	1	0	0	0	0	0	27.5
11	16	0	40	2	22	2	23	6	0	0	0	0	0	1	0	0	0	0	0	
12	8	1	24	1	17	1	14	2	0	1	0	0	0	0	0	0	0	0	0	17.5
13	15	1	29	1	19	1	12	3	0	0	1	0	0	0	0	0	0	0	0	19.5
14	15	1	40	2	22	1	18	6	0	0	0	0	0	1	0	0	0	0	0	22.5
15	12	0	27	1	18	1	67	3	0	0	1	0	0	0	0	0	0	0	0	18.5
16	12	0	25	1	27	2	67	3	0	0	1	0	0	0	0	0	0	0	0	27.5
17	15	0	27	1	16	2	2	3	0	0	1	0	0	0	0	0	0	0	0	16.5
18	16	0	33	1	17	2	12	4	0	0	0	1	0	0	0	0	0	0	0	18
19	12	0	27	1	16	1	2	3	0	0	1	0	0	0	0	0	0	0	0	19.5
20	12	0	50	2	22	1	97	8	0	0	0	0	0	0	0	1	0	0	0	19.5
21	16	0	26	2	22	2	97	3	0	0	1	0	0	0	0	0	0	0	0	22
22	12	1	49	1	22	2	67	7	0	0	0	0	0	0	1	0	0	0	0	
23	15	1	24	2	14	2	49	2	0	1	0	0	0	0	0	0	0	0	0	17
24	12	1	56	2	26	2	34	9	0	0	0	0	0	0	0	0	1	0	0	25
25	15	1	47	2	22	1	49	7	0	0	0	0	0	0	1	0	0	0	0	22
26	15	0	23	1	19.5	2	45	2	0	1	0	0	0	0	0	0	0	0	0	22
27	19	0	35	1	14	1	3	5	0	0	0	0	1	0	0	0	0	0	0	27
28	15	0	26	1	18	2	45	3	0	0	1	0	0	0	0	0	0	0	0	22
29	19	0	46	1	7	2	13	7	0	0	0	0	0	0	1	0	0	0	0	
30	15	0	28	1	18	1	7	3	0	0	1	0	0	0	0	0	0	0	0	19
31	12	0	25	1	20	1	3	3	0	0	1	0	0	0	0	0	0	0	0	22
32	19	0	36	1	17	2	45	5	0	0	0	0	1	0	0	0	0	0	0	18
33	15	0	28	1	16	2	1	3	0	0	1	0	0	0	0	0	0	0	0	27
34	19	0	41	1	14	1	44	6	0	0	0	0	0	1	0	0	0	0	0	16
35	17	0	28	1	16	1	23	3	0	0	1	0	0	0	0	0	0	0	0	16.5
36	8	0	26	2	22	2	49	3	0	0	1	0	0	0	0	0	0	0	0	22.5
37	12	1	35	1	17	1	20	5	0	0	0	0	1	0	0	0	0	0	0	17.5
38	15	1	27	1	14	1	27	3	0	0	1	0	0	0	0	0	0	0	0	14.5
39	16	1	29	1	17	1	45	3	0	0	1	0	0	0	0	0	0	0	0	17.5
40	15	1	56	2	22	2	67	9	0	0	0	0	0	0	0	0	1	0	0	22.5
41	12	1	28	2	23.7	1	18	3	0	0	1	0	0	0	0	0	0	0	0	24.2
42	15	0	29	1	19.5	1	67	3	0	0	1	0	0	0	0	0	0	0	0	20
43	12	0	26	1	27	2	15	3	0	0	1	0	0	0	0	0	0	0	0	27.5
44	8	0	26	1	17	2	12	3	0	0	1	0	0	0	0	0	0	0	0	17.5
45	12	0	51	1	16	1	3	8	0	0	0	0	0	0	0	1	0	0	0	16.5
46	15	0	49	2	22	1	49	7	0	0	0	0	0	0	1	0	0	0	0	22.5
47	12	0	51	2	22	1	23	8	0	0	0	0	0	0	0	1	0	0	0	22.5
48	12	0	42	1	22	2	7	6	0	0	0	0	0	1	0	0	0	0	0	22.5
49	15	0	31	1	22	2	45	4	0	0	0	1	0	0	0	0	0	0	0	22.5
50	16	0	30	1	20.1	1	27	4	0	0	0	1	0	0	0	0	0	0	0	
51	12	0	27	1	17	1	12	3	0	0	1	0	0	0	0	0	0	0	0	17.5
52	15	0	26	1	16	1	23	3	0	0	1	0	0	0	0	0	0	0	0	16.5
53	18	0	35	1	16	1	12	5	0	0	0	0	1	0	0	0	0	0	0	16.5
54	12	0	58	1	17	1	12	9	0	0	0	0	0	0	0	0	1	0	0	17.5
55	12	0	29	1	22	2	27	3	0	0	1	0	0	0	0	0	0	0	0	
56	15	0	27	1	16	1	4	3	0	0	1	0	0	0	0	0	0	0	0	16.5
57	15	0	26	1	17	1	45	3	0	0	1	0	0	0	0	0	0	0	0	17.5
58	15	0	25	2	22	1	22	3	0	0	1	0	0	0	0	0	0	0	0	22.5
59	15	1	28	1	17	2	14	3	0	0	1	0	0	0	0	0	0	0	0	17.5
60	12	1	30	1	23	2	20	4	0	0	0	1	0	0	0	0	0	0	0	23.5
61	8	1	25	1	16	2	2	3	0	0	1	0	0	0	0	0	0	0	0	16.5
62	16	0	27	1	21	1	20	3	0	0	1	0	0	0	0	0	0	0	0	
63	17	0	28	1	17	2	20	3	0	0	1	0	0	0	0	0	0	0	0	17.5
64	16	0	26	1	19.5	1	20	3	0	0	1	0	0	0	0	0	0	0	0	20
65	8	0	25	1	17	2	20	3	0	0	1	0	0	0	0	0	0	0	0	17.5
66	19	0	27	1	15	2	67	3	0	0	1	0	0	0	0	0	0	0	0	15.5
67	16	0	25	1	19	1	20	3	0	0	1	0	0	0	0	0	0	0	0	19.5
68	16	0	26	1	18	1	14	3	0	0	1	0	0	0	0	0	0	0	0	
69	16	0	29	1	16	2	2	3	0	0	1	0	0	0	0	0	0	0	0	16.5
70	15	0	28	1	17	1	3	3	0	0	1	0	0	0	0	0	0	0	0	17.5
71	17	0	41	1	17	1	49	6	0	0	0	0	0	1	0	0	0	0	0	17.5
72	16	0	26	2	22	1	18	3	0	0	1	0	0	0	0	0	0	0	0	22.5
73	12	0	22	2	22	2	97	2	0	1	0	0	0	0	0	0	0	0	0	
74	15	0	56	2	22	1	49	9	0	0	0	0	0	0	0	0	1	0	0	22.5
75	15	0	24	2	22	1	97	2	0	1	0	0	0	0	0	0	0	0	0	
76	15	0	22	2	22	2	49	2	0	1	0	0	0	0	0	0	0	0	0	22.5
77	12	0	21	2	22	2	27	2	0	1	0	0	0	0	0	0	0	0	0	22.5
78	12	0	21	2	22	1	45	2	0	1	0	0	0	0	0	0	0	0	0	22.5
79	16	0	28	2	22	2	20	3	0	0	1	0	0	0	0	0	0	0	0	22.5
80	16	0	28	2	22	1	22	3	0	0	1	0	0	0	0	0	0	0	0	22.5
81	12	0	21	2	22	2	45	2	0	1	0	0	0	0	0	0	0	0	0	22.5
82	12	1	42	2	23	2	101	6	0	0	0	0	0	1	0	0	0	0	0	23.5
83	12	1	22	2	14	1	23	2	0	1	0	0	0	0	0	0	0	0	0	14.5
84	8	1	22	2	22	1	49	2	0	1	0	0	0	0	0	0	0	0	0	22.5
85	15	0	27	1	19	2	67	3	0	0	1	0	0	0	0	0	0	0	0	19.5
86	15	0	28	1	20.1	1	49	3	0	0	1	0	0	0	0	0	0	0	0	20.6
87	12	0	30	1	25	2	49	4	0	0	0	1	0	0	0	0	0	0	0	25.5
88	19	0	28	1	14	2	27	3	0	0	1	0	0	0	0	0	0	0	0	14.5
89	19	0	28	1	8	2	97	3	0	0	1	0	0	0	0	0	0	0	0	8.5
90	8	0	51	2	22	2	65	8	0	0	0	0	0	0	0	1	0	0	0	22.5
91	12	0	22	2	22	2	22	2	0	1	0	0	0	0	0	0	0	0	0	22.5
92	8	0	21	2	22	1	20	2	0	1	0	0	0	0	0	0	0	0	0	22.5
93	12	0	21	2	22	1	14	2	0	1	0	0	0	0	0	0	0	0	0	22.5
94	12	0	39	2	28	1	97	5	0	0	0	0	1	0	0	0	0	0	0	28.5
95	12	0	21	2	22	2	3	2	0	1	0	0	0	0	0	0	0	0	0	22.5
96	8	1	56	1	18	2	12	9	0	0	0	0	0	0	0	0	1	0	0	18.5
97	17	1	37	1	16	2	45	5	0	0	0	0	1	0	0	0	0	0	0	16.5
98	8	1	33	1	25	2	20	4	0	0	0	1	0	0	0	0	0	0	0	25.5
99	12	1	21	2	22	1	67	2	0	1	0	0	0	0	0	0	0	0	0	22.5
100	18	0	26	1	16	2	2	3	0	0	1	0	0	0	0	0	0	0	0	16.5
101	16	0	29	1	17	2	14	3	0	0	1	0	0	0	0	0	0	0	0	17.5
102	14	0	26	1	16	2	3	3	0	0	1	0	0	0	0	0	0	0	0	16.5
103	19	0	30	1	19	1	45	4	0	0	0	1	0	0	0	0	0	0	0	19.5
104	15	0	27	1	19.5	2	45	3	0	0	1	0	0	0	0	0	0	0	0	20
105	15	0	23	1	18	1	49	2	0	1	0	0	0	0	0	0	0	0	0	18.5
106	19	0	27	1	17	1	45	3	0	0	1	0	0	0	0	0	0	0	0	17.5
107	12	0	29	2	23.7	2	23	3	0	0	1	0	0	0	0	0	0	0	0	24.2
108	12	0	59	2	19	1	45	9	0	0	0	0	0	0	0	0	1	0	0	19.5
109	12	1	26	1	20	2	49	3	0	0	1	0	0	0	0	0	0	0	0	20.5
110	15	1	37	1	16	1	27	5	0	0	0	0	1	0	0	0	0	0	0	16.5
111	12	1	49	1	18	1	49	7	0	0	0	0	0	0	1	0	0	0	0	18.5
112	12	1	41	1	23	1	97	6	0	0	0	0	0	1	0	0	0	0	0	23.5
113	16	0	30	1	17	2	67	4	0	0	0	1	0	0	0	0	0	0	0	17.5
114	14	0	28	1	19.5	1	14	3	0	0	1	0	0	0	0	0	0	0	0	20
115	15	0	28	1	17	2	7	3	0	0	1	0	0	0	0	0	0	0	0	17.5
116	15	0	27	1	18	2	49	3	0	0	1	0	0	0	0	0	0	0	0	18.5
117	12	0	58	2	17	1	3	9	0	0	0	0	0	0	0	0	1	0	0	17.5
118	12	0	25	2	22	1	97	3	0	0	1	0	0	0	0	0	0	0	0	22.5
119	12	0	26	2	22	1	15	3	0	0	1	0	0	0	0	0	0	0	0	22.5
120	16	0	25	2	22	1	98	3	0	0	1	0	0	0	0	0	0	0	0	22.5
121	15	0	53	2	22	1	49	8	0	0	0	0	0	0	0	1	0	0	0	22.5
122	15	0	24	2	22	2	18	2	0	1	0	0	0	0	0	0	0	0	0	22.5
123	12	0	40	2	23.7	2	67	6	0	0	0	0	0	1	0	0	0	0	0	24.2
124	16	0	26	2	22	2	23	3	0	0	1	0	0	0	0	0	0	0	0	22.5
125	12	1	33	1	14	1	14	4	0	0	0	1	0	0	0	0	0	0	0	14.5
126	15	1	39	1	20	1	14	5	0	0	0	0	1	0	0	0	0	0	0	20.5
127	12	1	39	1	27	2	67	5	0	0	0	0	1	0	0	0	0	0	0	27.5
128	12	1	43	2	22	2	97	6	0	0	0	0	0	1	0	0	0	0	0	22.5
129	17	0	30	1	16	1	4	4	0	0	0	1	0	0	0	0	0	0	0	16.5
130	20	0	31	1	20	1	7	4	0	0	0	1	0	0	0	0	0	0	0	20.5
131	15	0	28	1	16	1	2	3	0	0	1	0	0	0	0	0	0	0	0	16.5
132	12	0	36	1	18	2	67	5	0	0	0	0	1	0	0	0	0	0	0	18.5
133	15	0	30	1	24	2	2	4	0	0	0	1	0	0	0	0	0	0	0	24.5
134	16	0	48	2	22	2	23	7	0	0	0	0	0	0	1	0	0	0	0	22.5
135	12	0	21	2	22	2	49	2	0	1	0	0	0	0	0	0	0	0	0	22.5
136	12	0	50	1	19.5	2	14	8	0	0	0	0	0	0	0	1	0	0	0	20
137	21	0	52	1	21	2	3	8	0	0	0	0	0	0	0	1	0	0	0	21.5
138	12	0	43	1	24	1	89	6	0	0	0	0	0	1	0	0	0	0	0	24.5
139	8	0	58	2	21	1	45	9	0	0	0	0	0	0	0	0	1	0	0	21.5
140	12	0	24	2	22	1	49	2	0	1	0	0	0	0	0	0	0	0	0	22.5
141	15	0	23	2	22	2	22	2	0	1	0	0	0	0	0	0	0	0	0	22.5
142	12	0	23	2	22	1	18	2	0	1	0	0	0	0	0	0	0	0	0	22.5
143	12	0	50	2	22	2	23	8	0	0	0	0	0	0	0	1	0	0	0	22.5
144	8	0	58	2	17	2	14	9	0	0	0	0	0	0	0	0	1	0	0	17.5
145	12	1	26	1	20.1	1	45	3	0	0	1	0	0	0	0	0	0	0	0	20.6
146	18	1	39	1	17	1	67	5	0	0	0	0	1	0	0	0	0	0	0	17.5
147	15	1	53	1	21	2	7	8	0	0	0	0	0	0	0	1	0	0	0	
148	15	1	30	2	28	2	49	4	0	0	0	1	0	0	0	0	0	0	0	28.5
149	12	0	27	1	27	2	49	3	0	0	1	0	0	0	0	0	0	0	0	27.5
150	12	0	35	1	16	2	7	5	0	0	0	0	1	0	0	0	0	0	0	16.5
151	16	0	35	1	19.5	1	27	5	0	0	0	0	1	0	0	0	0	0	0	20
152	8	0	60	1	11	2	3	10	0	0	0	0	0	0	0	0	0	1	0	11.5
153	12	0	22	2	22	1	65	2	0	1	0	0	0	0	0	0	0	0	0	22.5
154	12	0	49	2	22	1	23	7	0	0	0	0	0	0	1	0	0	0	0	
155	15	1	26	1	21	1	67	3	0	0	1	0	0	0	0	0	0	0	0	21.5
156	15	1	27	1	16	2	4	3	0	0	1	0	0	0	0	0	0	0	0	16.5
157	12	1	22	2	22	1	98	2	0	1	0	0	0	0	0	0	0	0	0	
158	12	1	25	2	22	2	23	3	0	0	1	0	0	0	0	0	0	0	0	22.5
159	16	1	39	2	27	1	49	5	0	0	0	0	1	0	0	0	0	0	0	27.5
160	16	0	38	1	16	1	45	5	0	0	0	0	1	0	0	0	0	0	0	16.5
161	16	0	26	1	16	1	5	3	0	0	1	0	0	0	0	0	0	0	0	16.5
162	16	0	28	1	19.5	2	3	3	0	0	1	0	0	0	0	0	0	0	0	20
163	15	0	24	1	19.5	1	14	2	0	1	0	0	0	0	0	0	0	0	0	20
164	15	0	24	2	22	1	23	2	0	1	0	0	0	0	0	0	0	0	0	22.5
165	15	0	23	2	22	1	65	2	0	1	0	0	0	0	0	0	0	0	0	22.5
166	12	0	47	2	21	1	49	7	0	0	0	0	0	0	1	0	0	0	0	21.5
167	12	0	57	2	22	1	67	9	0	0	0	0	0	0	0	0	1	0	0	22.5
168	16	0	27	2	22	2	97	3	0	0	1	0	0	0	0	0	0	0	0	22.5
169	12	1	24	1	16	1	3	2	0	1	0	0	0	0	0	0	0	0	0	16.5
170	12	1	25	1	20.1	2	27	3	0	0	1	0	0	0	0	0	0	0	0	20.6
171	12	1	60	1	11	1	3	10	0	0	0	0	0	0	0	0	0	1	0	11.5
172	15	1	36	2	23.7	1	23	5	0	0	0	0	1	0	0	0	0	0	0	24.2
173	20	0	40	1	6	2	12	6	0	0	0	0	0	1	0	0	0	0	0	6.5
174	8	0	55	1	16	1	12	9	0	0	0	0	0	0	0	0	1	0	0	16.5
175	8	0	52	1	17	2	97	8	0	0	0	0	0	0	0	1	0	0	0	17.5
176	16	0	27	2	22	1	23	3	0	0	1	0	0	0	0	0	0	0	0	22.5
177	12	0	27	2	22	1	49	3	0	0	1	0	0	0	0	0	0	0	0	22.5
178	12	0	52	2	22	2	22	8	0	0	0	0	0	0	0	1	0	0	0	22.5
179	12	1	25	1	17	1	27	3	0	0	1	0	0	0	0	0	0	0	0	17.5
180	12	1	30	2	22	2	49	4	0	0	0	1	0	0	0	0	0	0	0	22.5
181	12	1	51	2	22	1	23	8	0	0	0	0	0	0	0	1	0	0	0	22.5
182	12	1	46	2	22	1	34	7	0	0	0	0	0	0	1	0	0	0	0	22.5
183	15	0	29	1	18	1	20	3	0	0	1	0	0	0	0	0	0	0	0	18.5
184	15	0	25	1	19	2	12	3	0	0	1	0	0	0	0	0	0	0	0	19.5
185	8	0	59	1	16	1	27	9	0	0	0	0	0	0	0	0	1	0	0	16.5
186	15	0	25	1	19.5	1	67	3	0	0	1	0	0	0	0	0	0	0	0	20
187	16	0	26	1	17	1	14	3	0	0	1	0	0	0	0	0	0	0	0	17.5
188	12	0	56	2	8	1	49	9	0	0	0	0	0	0	0	0	1	0	0	8.5
189	12	0	39	2	22	2	97	5	0	0	0	0	1	0	0	0	0	0	0	22.5
190	8	0	57	2	22	2	15	9	0	0	0	0	0	0	0	0	1	0	0	22.5
191	12	0	58	2	19	1	7	9	0	0	0	0	0	0	0	0	1	0	0	19.5
192	12	1	40	1	16	2	14	6	0	0	0	0	0	1	0	0	0	0	0	16.5
193	12	1	23	2	22	2	23	2	0	1	0	0	0	0	0	0	0	0	0	22.5
194	15	1	51	2	22	1	49	8	0	0	0	0	0	0	0	1	0	0	0	22.5
195	12	1	34	2	22	1	15	4	0	0	0	1	0	0	0	0	0	0	0	22.5
196	16	1	43	2	22	1	22	6	0	0	0	0	0	1	0	0	0	0	0	22.5
197	15	0	27	1	17	2	45	3	0	0	1	0	0	0	0	0	0	0	0	17.5
198	19	0	37	1	13	1	45	5	0	0	0	0	1	0	0	0	0	0	0	13.5
199	16	0	32	1	16	2	1	4	0	0	0	1	0	0	0	0	0	0	0	16.5
200	17	0	26	1	18	2	3	3	0	0	1	0	0	0	0	0	0	0	0	18.5
201	12	0	34	1	26	2	45	4	0	0	0	1	0	0	0	0	0	0	0	26.5
202	15	0	26	1	20	1	7	3	0	0	1	0	0	0	0	0	0	0	0	20.5
203	12	0	25	1	16	1	2	3	0	0	1	0	0	0	0	0	0	0	0	16.5
204	15	0	29	1	16	1	5	3	0	0	1	0	0	0	0	0	0	0	0	16.5
205	16	0	45	1	22	1	27	7	0	0	0	0	0	0	1	0	0	0	0	22.5
206	12	0	46	1	22	1	45	7	0	0	0	0	0	0	1	0	0	0	0	22.5
207	15	0	30	1	25	1	3	4	0	0	0	1	0	0	0	0	0	0	0	25.5
208	12	0	21	2	22	1	97	2	0	1	0	0	0	0	0	0	0	0	0	22.5
335	8	0	59	1	19.5	2	67	9	0	0	0	0	0	0	0	0	1	0	0	20
336	16	0	26	1	19	1	14	3	0	0	1	0	0	0	0	0	0	0	0	19.5
337	12	0	20	2	22	2	97	2	0	1	0	0	0	0	0	0	0	0	0	22.5
338	8	0	51	2	22	1	97	8	0	0	0	0	0	0	0	1	0	0	0	22.5
339	8	0	47	2	22	2	67	7	0	0	0	0	0	0	1	0	0	0	0	22.5
340	8	0	55	2	22	2	34	9	0	0	0	0	0	0	0	0	1	0	0	22.5
341	12	1	45	1	26	1	103	7	0	0	0	0	0	0	1	0	0	0	0	26.5
342	12	1	41	2	22	1	23	6	0	0	0	0	0	1	0	0	0	0	0	22.5
343	16	0	36	1	17	1	45	5	0	0	0	0	1	0	0	0	0	0	0	17.5
344	12	0	26	1	16	1	2	3	0	0	1	0	0	0	0	0	0	0	0	16.5
345	12	0	20	2	19	1	27	2	0	1	0	0	0	0	0	0	0	0	0	19.5
346	15	0	21	2	22	1	23	2	0	1	0	0	0	0	0	0	0	0	0	22.5
347	12	0	45	2	21	2	67	7	0	0	0	0	0	0	1	0	0	0	0	21.5
348	16	0	27	2	22	1	22	3	0	0	1	0	0	0	0	0	0	0	0	22.5
349	17	0	51	2	22	2	97	8	0	0	0	0	0	0	0	1	0	0	0	22.5
350	12	0	50	2	22	1	22	8	0	0	0	0	0	0	0	1	0	0	0	22.5
351	12	0	24	2	22	1	67	2	0	1	0	0	0	0	0	0	0	0	0	22.5
352	8	0	56	2	25	1	32	9	0	0	0	0	0	0	0	0	1	0	0	25.5
353	12	1	34	1	22	2	45	4	0	0	0	1	0	0	0	0	0	0	0	22.5
354	12	1	43	2	22	1	23	6	0	0	0	0	0	1	0	0	0	0	0	22.5
355	15	0	28	1	17	1	12	3	0	0	1	0	0	0	0	0	0	0	0	17.5
356	15	0	24	1	17	2	7	2	0	1	0	0	0	0	0	0	0	0	0	17.5
357	8	0	58	2	21	2	14	9	0	0	0	0	0	0	0	0	1	0	0	21.5
358	15	0	45	2	22	1	49	7	0	0	0	0	0	0	1	0	0	0	0	22.5
359	12	0	48	2	28	1	98	7	0	0	0	0	0	0	1	0	0	0	0	28.5
360	12	0	21	2	22	1	49	2	0	1	0	0	0	0	0	0	0	0	0	22.5
361	12	0	23	2	22	1	23	2	0	1	0	0	0	0	0	0	0	0	0	22.5
362	8	0	52	2	22	1	23	8	0	0	0	0	0	0	0	1	0	0	0	22.5
363	16	1	35	1	18	1	3	5	0	0	0	0	1	0	0	0	0	0	0	18.5
364	12	1	42	2	22	1	49	6	0	0	0	0	0	1	0	0	0	0	0	22.5
365	8	1	41	2	27	2	97	6	0	0	0	0	0	1	0	0	0	0	0	27.5
366	12	1	28	2	22	1	98	3	0	0	1	0	0	0	0	0	0	0	0	22.5
367	12	1	47	2	22	1	67	7	0	0	0	0	0	0	1	0	0	0	0	22.5
368	12	1	46	2	17	2	98	7	0	0	0	0	0	0	1	0	0	0	0	17.5
369	14	0	22	1	17	2	27	2	0	1	0	0	0	0	0	0	0	0	0	17.5
370	16	0	27	2	22	2	65	3	0	0	1	0	0	0	0	0	0	0	0	22.5
371	16	0	23	2	22	1	20	2	0	1	0	0	0	0	0	0	0	0	0	22.5
372	15	0	54	1	17	2	7	8	0	0	0	0	0	0	0	1	0	0	0	17.5
373	12	0	40	1	22	2	3	6	0	0	0	0	0	1	0	0	0	0	0	22.5
374	15	0	22	1	16	2	14	2	0	1	0	0	0	0	0	0	0	0	0	16.5
375	12	0	23	1	16	1	3	2	0	1	0	0	0	0	0	0	0	0	0	16.5
376	15	0	25	1	21	1	49	3	0	0	1	0	0	0	0	0	0	0	0	21.5
377	15	0	24	1	27	1	20	2	0	1	0	0	0	0	0	0	0	0	0	27.5
378	8	0	59	2	22	2	12	9	0	0	0	0	0	0	0	0	1	0	0	22.5
379	8	0	51	2	22	2	18	8	0	0	0	0	0	0	0	1	0	0	0	22.5
380	12	0	48	2	22	1	18	7	0	0	0	0	0	0	1	0	0	0	0	22.5
381	17	1	43	1	22	1	12	6	0	0	0	0	0	1	0	0	0	0	0	22.5
382	12	1	30	1	14	2	27	4	0	0	0	1	0	0	0	0	0	0	0	14.5
383	17	1	28	1	22	1	18	3	0	0	1	0	0	0	0	0	0	0	0	22.5
384	12	1	34	2	27	2	65	4	0	0	0	1	0	0	0	0	0	0	0	27.5
385	12	0	59	1	18	1	20	9	0	0	0	0	0	0	0	0	1	0	0	18.5
386	8	0	55	1	22	2	7	9	0	0	0	0	0	0	0	0	1	0	0	22.5
387	19	0	25	1	18	1	45	3	0	0	1	0	0	0	0	0	0	0	0	18.5
388	14	0	31	1	24	2	4	4	0	0	0	1	0	0	0	0	0	0	0	24.5
389	19	0	30	1	19	1	27	4	0	0	0	1	0	0	0	0	0	0	0	19.5
390	15	0	21	2	22	2	67	2	0	1	0	0	0	0	0	0	0	0	0	22.5
391	12	0	21	2	22	2	97	2	0	1	0	0	0	0	0	0	0	0	0	22.5
392	12	0	18	2	13	1	27	1	1	0	0	0	0	0	0	0	0	0	0	13.5
393	12	0	20	2	19.5	2	20	2	0	1	0	0	0	0	0	0	0	0	0	20
394	8	0	18	2	20	1	67	1	1	0	0	0	0	0	0	0	0	0	0	20.5
395	12	0	18	2	11	2	4	1	1	0	0	0	0	0	0	0	0	0	0	11.5
396	12	0	19	2	19.5	1	49	1	1	0	0	0	0	0	0	0	0	0	0	20
397	12	0	20	2	21	1	14	2	0	1	0	0	0	0	0	0	0	0	0	21.5
398	12	0	19	2	18	2	27	1	1	0	0	0	0	0	0	0	0	0	0	18.5
399	12	0	20	2	16	2	45	2	0	1	0	0	0	0	0	0	0	0	0	16.5
400	12	0	20	2	17	1	45	2	0	1	0	0	0	0	0	0	0	0	0	17.5
401	12	0	19	2	16	2	45	1	1	0	0	0	0	0	0	0	0	0	0	16.5
402	12	0	20	2	22	1	7	2	0	1	0	0	0	0	0	0	0	0	0	22.5
403	12	1	19	2	19	2	20	1	1	0	0	0	0	0	0	0	0	0	0	19.5
404	12	1	36	2	25	2	97	5	0	0	0	0	1	0	0	0	0	0	0	25.5
405	12	1	45	2	22	2	49	7	0	0	0	0	0	0	1	0	0	0	0	22.5
406	17	0	24	1	19	1	7	2	0	1	0	0	0	0	0	0	0	0	0	19.5
407	15	0	24	1	20	2	14	2	0	1	0	0	0	0	0	0	0	0	0	20.5
408	19	0	25	1	16	2	4	3	0	0	1	0	0	0	0	0	0	0	0	16.5
409	19	0	27	1	15	1	20	3	0	0	1	0	0	0	0	0	0	0	0	15.5
410	8	0	48	2	23.7	2	97	7	0	0	0	0	0	0	1	0	0	0	0	24.2
411	12	0	58	2	21	2	67	9	0	0	0	0	0	0	0	0	1	0	0	21.5
412	12	0	19	2	19.5	2	7	1	1	0	0	0	0	0	0	0	0	0	0	20
413	16	0	23	2	22	2	67	2	0	1	0	0	0	0	0	0	0	0	0	22.5
414	8	1	29	1	16	2	25	3	0	0	1	0	0	0	0	0	0	0	0	16.5
415	15	1	26	1	16	2	25	3	0	0	1	0	0	0	0	0	0	0	0	16.5
416	15	0	25	1	20	1	67	3	0	0	1	0	0	0	0	0	0	0	0	20.5
417	15	0	22	1	17	1	45	2	0	1	0	0	0	0	0	0	0	0	0	17.5
418	15	0	24	1	20.1	1	20	2	0	1	0	0	0	0	0	0	0	0	0	20.6
419	15	0	25	1	20.1	1	45	3	0	0	1	0	0	0	0	0	0	0	0	20.6
420	19	0	32	1	19	1	45	4	0	0	0	1	0	0	0	0	0	0	0	19.5
421	15	0	28	1	16	2	3	3	0	0	1	0	0	0	0	0	0	0	0	16.5
422	15	0	26	1	22	2	12	3	0	0	1	0	0	0	0	0	0	0	0	22.5
423	12	0	53	2	22	2	67	8	0	0	0	0	0	0	0	1	0	0	0	22.5
452	12	0	36	1	16	2	20	5	0	0	0	0	1	0	0	0	0	0	0	16.5
453	15	0	59	1	21	1	3	9	0	0	0	0	0	0	0	0	1	0	0	21.5
454	19	0	24	1	5	2	3	2	0	1	0	0	0	0	0	0	0	0	0	5.5
455	16	0	26	1	19.5	2	27	3	0	0	1	0	0	0	0	0	0	0	0	20
456	19	0	30	1	14	1	7	4	0	0	0	1	0	0	0	0	0	0	0	14.5
457	15	0	21	1	20.1	1	7	2	0	1	0	0	0	0	0	0	0	0	0	20.6
458	19	0	24	1	18	1	12	2	0	1	0	0	0	0	0	0	0	0	0	18.5
459	12	0	19	2	16	1	45	1	1	0	0	0	0	0	0	0	0	0	0	
460	12	0	20	2	22	2	12	2	0	1	0	0	0	0	0	0	0	0	0	22.5
461	8	0	46	2	22	1	32	7	0	0	0	0	0	0	1	0	0	0	0	22.5
462	16	0	26	2	22	2	67	3	0	0	1	0	0	0	0	0	0	0	0	22.5
463	15	0	55	2	22	1	20	9	0	0	0	0	0	0	0	0	1	0	0	22.5
464	19	0	27	1	19	1	49	3	0	0	1	0	0	0	0	0	0	0	0	19.5
465	12	0	27	1	17	2	20	3	0	0	1	0	0	0	0	0	0	0	0	17.5
466	12	0	41	2	32	1	67	6	0	0	0	0	0	1	0	0	0	0	0	32.5
467	16	0	22	2	22	1	49	2	0	1	0	0	0	0	0	0	0	0	0	22.5
468	16	0	24	2	22	2	49	2	0	1	0	0	0	0	0	0	0	0	0	22.5
469	15	0	25	2	22	2	65	3	0	0	1	0	0	0	0	0	0	0	0	22.5
470	12	1	26	1	17	2	27	3	0	0	1	0	0	0	0	0	0	0	0	17.5
471	15	1	23	1	14	1	45	2	0	1	0	0	0	0	0	0	0	0	0	
472	15	0	23	1	20.1	2	12	2	0	1	0	0	0	0	0	0	0	0	0	20.6
473	12	0	52	2	22	1	65	8	0	0	0	0	0	0	0	1	0	0	0	22.5
474	12	0	21	2	22	2	23	2	0	1	0	0	0	0	0	0	0	0	0	22.5
209	8	0	56	2	19	2	67	9	0	0	0	0	0	0	0	0	1	0	1	19.5
210	15	1	40	1	18	1	67	6	0	0	0	0	0	1	0	0	0	0	1	22.5
211	15	1	39	1	17	1	45	5	0	0	0	0	1	0	0	0	0	0	1	20.6
212	15	1	24	1	18	2	7	2	0	1	0	0	0	0	0	0	0	0	1	18.5
213	8	1	44	1	14	2	20	6	0	0	0	0	0	1	0	0	0	0	1	22.5
214	12	1	21	2	15	1	32	2	0	1	0	0	0	0	0	0	0	0	1	16.5
215	12	1	21	2	22	2	34	2	0	1	0	0	0	0	0	0	0	0	1	22.5
216	15	0	25	1	18	1	20	3	0	0	1	0	0	0	0	0	0	0	1	18.5
217	16	0	40	1	22	1	49	6	0	0	0	0	0	1	0	0	0	0	1	22.5
218	15	0	25	1	16	1	2	3	0	0	1	0	0	0	0	0	0	0	1	16.5
219	12	0	27	1	15	2	12	3	0	0	1	0	0	0	0	0	0	0	1	20.5
220	12	0	26	1	17	1	20	3	0	0	1	0	0	0	0	0	0	0	1	17.5
221	12	0	42	2	28	1	103	6	0	0	0	0	0	1	0	0	0	0	1	28.5
222	15	0	54	2	22	2	97	8	0	0	0	0	0	0	0	1	0	0	1	22.5
223	8	0	47	2	14	1	20	7	0	0	0	0	0	0	1	0	0	0	1	22.5
224	12	0	55	2	15	1	98	9	0	0	0	0	0	0	0	0	1	0	1	22.5
225	15	0	22	2	22	1	15	2	0	1	0	0	0	0	0	0	0	0	1	22.5
226	16	0	25	2	21	2	20	3	0	0	1	0	0	0	0	0	0	0	1	21.5
227	12	0	24	2	16	2	15	2	0	1	0	0	0	0	0	0	0	0	1	22.5
228	15	0	26	2	21	1	49	3	0	0	1	0	0	0	0	0	0	0	1	21.5
229	12	0	49	2	17	2	67	7	0	0	0	0	0	0	1	0	0	0	1	21.5
230	15	1	56	1	12	2	6	9	0	0	0	0	0	0	0	0	1	0	1	27
231	16	0	25	1	19.5	2	49	3	0	0	1	0	0	0	0	0	0	0	1	20
232	19	0	26	1	10	1	3	3	0	0	1	0	0	0	0	0	0	0	1	27
233	15	0	26	1	18	2	14	3	0	0	1	0	0	0	0	0	0	0	1	20.6
234	15	0	29	1	17	2	45	3	0	0	1	0	0	0	0	0	0	0	1	17.5
235	19	0	27	1	16	1	1	3	0	0	1	0	0	0	0	0	0	0	1	16.5
236	8	0	18	2	17	2	20	1	1	0	0	0	0	0	0	0	0	0	1	17.5
237	12	0	17	2	12	1	5	1	1	0	0	0	0	0	0	0	0	0	1	12.5
238	12	0	17	2	7	2	1	1	1	0	0	0	0	0	0	0	0	0	1	26
239	12	0	18	2	16	2	7	1	1	0	0	0	0	0	0	0	0	0	1	16.5
240	16	0	28	2	22	1	67	3	0	0	1	0	0	0	0	0	0	0	1	22.5
241	8	0	53	2	18	1	89	8	0	0	0	0	0	0	0	1	0	0	1	22.5
242	12	0	22	2	18	2	20	2	0	1	0	0	0	0	0	0	0	0	1	22.5
243	12	0	21	2	17	1	98	2	0	1	0	0	0	0	0	0	0	0	1	22.5
244	8	0	18	2	17	2	97	1	1	0	0	0	0	0	0	0	0	0	1	27.5
245	12	0	17	2	13	2	45	1	1	0	0	0	0	0	0	0	0	0	1	13.5
246	12	0	22	2	22	1	67	2	0	1	0	0	0	0	0	0	0	0	1	22.5
247	12	0	21	2	22	2	20	2	0	1	0	0	0	0	0	0	0	0	1	22.5
248	12	0	17	2	10	2	2	1	1	0	0	0	0	0	0	0	0	0	1	
249	12	0	18	2	16	1	12	1	1	0	0	0	0	0	0	0	0	0	1	16.5
250	15	0	23	2	22	1	65	2	0	1	0	0	0	0	0	0	0	0	1	22.5
251	12	0	21	2	22	1	67	2	0	1	0	0	0	0	0	0	0	0	1	22.5
252	12	1	20	1	7	1	1	2	0	1	0	0	0	0	0	0	0	0	1	28
253	8	1	47	2	18	1	67	7	0	0	0	0	0	0	1	0	0	0	1	18.5
254	18	0	26	1	17	2	7	3	0	0	1	0	0	0	0	0	0	0	1	17.5
255	12	0	57	1	22	2	20	9	0	0	0	0	0	0	0	0	1	0	1	22.5
256	19	0	42	1	12	1	13	6	0	0	0	0	0	1	0	0	0	0	1	12.5
257	19	0	38	1	17	2	3	5	0	0	0	0	1	0	0	0	0	0	1	17.5
258	8	0	20	1	21	1	5	2	0	1	0	0	0	0	0	0	0	0	1	21.5
259	12	0	20	2	19.5	1	12	2	0	1	0	0	0	0	0	0	0	0	1	20
260	12	0	20	2	18	2	45	2	0	1	0	0	0	0	0	0	0	0	1	
261	12	0	20	2	16	2	20	2	0	1	0	0	0	0	0	0	0	0	1	16.5
262	12	0	21	2	22	2	49	2	0	1	0	0	0	0	0	0	0	0	1	22.5
263	12	0	21	2	18	1	15	2	0	1	0	0	0	0	0	0	0	0	1	22.5
264	12	0	21	2	14	2	67	2	0	1	0	0	0	0	0	0	0	0	1	22.5
265	12	0	20	2	17	1	27	2	0	1	0	0	0	0	0	0	0	0	1	17.5
266	16	0	26	2	22	1	23	3	0	0	1	0	0	0	0	0	0	0	1	22.5
267	12	0	20	2	14	1	23	2	0	1	0	0	0	0	0	0	0	0	1	27.5
268	12	1	53	1	20.1	1	14	8	0	0	0	0	0	0	0	1	0	0	1	20.6
269	15	0	23	1	16	2	3	2	0	1	0	0	0	0	0	0	0	0	1	16.5
270	15	0	42	1	32	2	89	6	0	0	0	0	0	1	0	0	0	0	1	32.5
271	15	0	26	1	17	2	45	3	0	0	1	0	0	0	0	0	0	0	1	17.5
272	18	0	25	1	19.5	1	7	3	0	0	1	0	0	0	0	0	0	0	1	20
273	12	0	50	1	18	1	7	8	0	0	0	0	0	0	0	1	0	0	1	18.5
274	16	0	25	1	18	2	27	3	0	0	1	0	0	0	0	0	0	0	1	18.5
275	12	0	27	1	16	1	3	3	0	0	1	0	0	0	0	0	0	0	1	20.6
276	16	0	24	1	17	1	12	2	0	1	0	0	0	0	0	0	0	0	1	17.5
277	16	0	24	2	16	1	67	2	0	1	0	0	0	0	0	0	0	0	1	22.5
278	8	0	46	2	15	2	97	7	0	0	0	0	0	0	1	0	0	0	1	22.5
279	12	0	20	2	20	2	49	2	0	1	0	0	0	0	0	0	0	0	1	20.5
280	12	0	20	2	20.1	2	3	2	0	1	0	0	0	0	0	0	0	0	1	20.6
281	8	1	44	1	14	1	97	6	0	0	0	0	0	1	0	0	0	0	1	23.5
282	14	1	26	1	19	1	45	3	0	0	1	0	0	0	0	0	0	0	1	19.5
283	19	0	26	1	15	1	45	3	0	0	1	0	0	0	0	0	0	0	1	20
284	19	0	28	1	17	1	27	3	0	0	1	0	0	0	0	0	0	0	1	17.5
285	8	0	59	1	19	1	12	9	0	0	0	0	0	0	0	0	1	0	1	19.5
286	15	0	31	1	16	2	45	4	0	0	0	1	0	0	0	0	0	0	1	21.5
287	16	0	25	1	16	1	2	3	0	0	1	0	0	0	0	0	0	0	1	16.5
288	15	0	35	1	19	2	14	5	0	0	0	0	1	0	0	0	0	0	1	19.5
289	17	0	25	1	19	2	27	3	0	0	1	0	0	0	0	0	0	0	1	19.5
290	18	0	35	1	17	2	27	5	0	0	0	0	1	0	0	0	0	0	1	28
291	12	0	55	1	19.5	1	3	9	0	0	0	0	0	0	0	0	1	0	1	20
292	14	0	26	1	19.5	2	12	3	0	0	1	0	0	0	0	0	0	0	1	20
293	15	0	24	1	16	2	3	2	0	1	0	0	0	0	0	0	0	0	1	16.5
294	12	0	21	1	21	2	7	2	0	1	0	0	0	0	0	0	0	0	1	21.5
295	8	0	57	1	21	1	12	9	0	0	0	0	0	0	0	0	1	0	1	21.5
296	12	0	25	1	17	2	45	3	0	0	1	0	0	0	0	0	0	0	1	17.5
297	12	0	47	2	22	2	15	7	0	0	0	0	0	0	1	0	0	0	1	22.5
298	12	0	23	2	22	1	23	2	0	1	0	0	0	0	0	0	0	0	1	22.5
299	15	0	24	2	22	2	23	2	0	1	0	0	0	0	0	0	0	0	1	22.5
300	16	1	29	1	14	1	2	3	0	0	1	0	0	0	0	0	0	0	1	14.5
301	12	1	21	1	20	2	45	2	0	1	0	0	0	0	0	0	0	0	1	20.5
302	8	1	50	1	19	1	49	8	0	0	0	0	0	0	0	1	0	0	1	19.5
303	12	1	52	1	15	1	49	8	0	0	0	0	0	0	0	1	0	0	1	27.5
304	15	1	44	2	22	1	89	6	0	0	0	0	0	1	0	0	0	0	1	22.5
305	12	0	48	1	22	1	3	7	0	0	0	0	0	0	1	0	0	0	1	22.5
306	15	0	23	1	17	2	45	2	0	1	0	0	0	0	0	0	0	0	1	27
307	16	0	44	1	22.7	2	49	6	0	0	0	0	0	1	0	0	0	0	1	23.2
308	15	0	27	1	21	1	97	3	0	0	1	0	0	0	0	0	0	0	1	21.5
309	15	0	25	1	17	1	45	3	0	0	1	0	0	0	0	0	0	0	1	25
310	16	0	25	1	17	1	7	3	0	0	1	0	0	0	0	0	0	0	1	26
311	12	0	38	2	22	1	49	5	0	0	0	0	1	0	0	0	0	0	1	22.5
312	12	0	26	2	22	2	67	3	0	0	1	0	0	0	0	0	0	0	1	22.5
313	12	0	20	2	21	2	45	2	0	1	0	0	0	0	0	0	0	0	1	21.5
314	12	0	23	2	22	2	67	2	0	1	0	0	0	0	0	0	0	0	1	22.5
315	12	0	20	2	16	1	27	2	0	1	0	0	0	0	0	0	0	0	1	27
316	15	1	30	1	27	2	23	4	0	0	0	1	0	0	0	0	0	0	1	27.5
317	12	1	20	1	16	1	45	2	0	1	0	0	0	0	0	0	0	0	1	16.5
318	16	0	28	1	18	2	12	3	0	0	1	0	0	0	0	0	0	0	1	18.5
319	15	0	23	1	16	1	98	2	0	1	0	0	0	0	0	0	0	0	1	27.5
320	12	0	53	1	17	1	97	8	0	0	0	0	0	0	0	1	0	0	1	17.5
321	12	0	36	2	22	2	67	5	0	0	0	0	1	0	0	0	0	0	1	22.5
322	12	0	51	2	22	2	67	8	0	0	0	0	0	0	0	1	0	0	1	
323	15	0	22	2	22	2	67	2	0	1	0	0	0	0	0	0	0	0	1	22.5
324	12	0	23	2	22	1	49	2	0	1	0	0	0	0	0	0	0	0	1	22.5
325	8	0	55	2	22	1	32	9	0	0	0	0	0	0	0	0	1	0	1	22.5
326	8	1	31	1	18	1	45	4	0	0	0	1	0	0	0	0	0	0	1	18.5
327	12	1	24	1	22	2	49	2	0	1	0	0	0	0	0	0	0	0	1	22.5
328	18	0	37	1	19	2	67	5	0	0	0	0	1	0	0	0	0	0	1	19.5
329	18	0	31	1	16	1	1	4	0	0	0	1	0	0	0	0	0	0	1	16.5
330	15	0	30	1	20	1	45	4	0	0	0	1	0	0	0	0	0	0	1	20.5
331	12	0	48	2	21	2	97	7	0	0	0	0	0	0	1	0	0	0	1	
332	16	0	25	2	22	1	67	3	0	0	1	0	0	0	0	0	0	0	1	22.5
333	15	0	25	2	22	1	65	3	0	0	1	0	0	0	0	0	0	0	1	22.5
334	12	1	23	2	22	2	97	2	0	1	0	0	0	0	0	0	0	0	1	22.5
424	15	0	23	2	22	2	98	2	0	1	0	0	0	0	0	0	0	0	1	22.5
425	12	0	48	2	21	2	103	7	0	0	0	0	0	0	1	0	0	0	1	21.5
426	16	1	37	1	17	1	14	5	0	0	0	0	1	0	0	0	0	0	1	17.5
427	8	1	47	1	22	1	14	7	0	0	0	0	0	0	1	0	0	0	1	22.5
428	15	1	25	1	17	2	14	3	0	0	1	0	0	0	0	0	0	0	1	17.5
429	8	1	43	1	18	2	98	6	0	0	0	0	0	1	0	0	0	0	1	22.5
430	19	1	33	1	18	1	13	4	0	0	0	1	0	0	0	0	0	0	1	18
431	18	0	31	1	17	2	97	4	0	0	0	1	0	0	0	0	0	0	1	17
432	12	0	25	1	16	2	2	3	0	0	1	0	0	0	0	0	0	0	1	16
433	12	0	23	1	19	1	67	2	0	1	0	0	0	0	0	0	0	0	1	19
434	16	0	18	1	10	1	2	1	1	0	0	0	0	0	0	0	0	0	1	10
435	15	0	25	1	16	2	5	3	0	0	1	0	0	0	0	0	0	0	1	
436	12	0	24	1	19	2	49	2	0	1	0	0	0	0	0	0	0	0	1	19
437	8	0	56	1	16	2	20	9	0	0	0	0	0	0	0	0	1	0	1	16
438	15	0	25	1	22	1	7	3	0	0	1	0	0	0	0	0	0	0	1	
439	12	0	19	2	18	1	45	1	1	0	0	0	0	0	0	0	0	0	1	18
440	8	0	42	2	15	1	49	6	0	0	0	0	0	1	0	0	0	0	1	23.7
441	15	0	40	2	15	2	101	6	0	0	0	0	0	1	0	0	0	0	1	28
442	12	0	21	2	22	1	18	2	0	1	0	0	0	0	0	0	0	0	1	22
443	8	0	61	2	8	2	3	10	0	0	0	0	0	0	0	0	0	1	1	25
444	12	0	28	2	15	1	67	3	0	0	1	0	0	0	0	0	0	0	1	28
445	15	1	26	1	19	2	45	3	0	0	1	0	0	0	0	0	0	0	1	
446	16	1	31	1	18	2	45	4	0	0	0	1	0	0	0	0	0	0	1	18
447	15	1	28	1	19	2	7	3	0	0	1	0	0	0	0	0	0	0	1	19
448	12	1	56	2	27	1	98	9	0	0	0	0	0	0	0	0	1	0	1	27
449	16	0	24	1	16	1	3	2	0	1	0	0	0	0	0	0	0	0	1	16
450	19	0	35	1	7	2	45	5	0	0	0	0	1	0	0	0	0	0	1	25
451	15	0	20	1	17	1	20	2	0	1	0	0	0	0	0	0	0	0	1	17
